
# processes = 1 
# repetitions = 20 
# resolution = 500 
# iterations = 100 

summed time [s], mean time per processor [s], maximum time per processor [s] 
0.205485,  0.205485, 0.205485
0.191532,  0.191532, 0.191532
0.190803,  0.190803, 0.190803
0.202851,  0.202851, 0.202851
0.205765,  0.205765, 0.205765
0.181628,  0.181628, 0.181628
0.185435,  0.185435, 0.185435
0.198462,  0.198462, 0.198462
0.140286,  0.140286, 0.140286
0.117210,  0.117210, 0.117210
0.108359,  0.108359, 0.108359
0.108565,  0.108565, 0.108565
0.108293,  0.108293, 0.108293
0.109327,  0.109327, 0.109327
0.112846,  0.112846, 0.112846
0.113199,  0.113199, 0.113199
0.111345,  0.111345, 0.111345
0.110345,  0.110345, 0.110345
0.113598,  0.113598, 0.113598
0.106562,  0.106562, 0.106562
